function path = get_field()

path = [ ...
    2, 0, 0; ... % 1
    0, 23, 3;  ... % 2 - turning left to 23 disabled because robot gets stucked
    4, 0, 12; ... % 3
    0, 0, 5; ... % 4
    6, 0, 14; ... % 5
    7, 0, 1; ... % 6
    8, 0, 11; ... % 7
    0, 0, 9; ... % 8
    10, 0, 17; ... % 9
    3, 0, 21; ... % 10
    0, 22, 10; ... % 11
    0, 15, 6; ... % 12
    23, 21, 0; ... % 13
    0, 13, 4; ... % 14
    0, 24, 0; ... % 15
    15, 14, 0; ... % 16
    0, 20, 8; ... % 17
    20, 11, 0; ... % 18
    0, 16, 7; ... % 19
    16, 1, 0; ... % 20
    19, 0, 0; ... % 21
    0, 18, 0; ... % 22
    22, 17, 0; ... % 23
    13, 12, 0; ... % 24
];

end